0,1,2,3,4,5,6,7,8,9,10,11,12,13,14,15,16,17,18,19,20,21,22,23,24,25,26,27,28,29,30,31,32,33,34,35,36,37,38,39,40,41,42,43,44,45,46,47,48,49,50,51,52,53,54,55,56,57,58,59,60,61,62,63,64,65,66,67
0.0,119.96923,102.00513,75.198387,0.0,72.38794,33.222781,49.403995,65.189431,61.764586,104.40571,62.448235,114.008,24.698995,92.345455,99.4,93.435468,122.075,108.4036,71.446724,69.303922,65.903268,83.165834,63.215849,0.0,125.53309,132.1782,62.682533,23.206051,35.721662,0.0,83.696552,55.494611,47.136951,156.0,151.0,179.775,0.0,0.0,0.0,149.46667,0.0,84.185714,168.66667,0.0,0.0,0.0,0.0,0.0,128.4,187.44,0.0,194.6,145.0,130.94894,78.4,157.8,131.83478,0.0,186.72308,178.3871,133.7716,180.6,133.97778,0.0,0.0,143.4,134.2
119.96923,0.0,42.020986,0.0,122.9,121.55,120.74667,120.02353,42.141404,169.86667,40.08702,119.77143,34.871801,134.9,100.20755,57.799606,53.061941,54.221106,52.26522,170.2,77.796471,20.137152,75.141606,62.703936,20.378018,45.669332,32.940584,78.850843,105.6597,86.667925,54.568902,0.0,0.0,61.556286,137.6,17.807058,66.404938,0.0,0.0,0.0,137.33333,0.0,0.0,0.0,79.25,158.4,71.047619,0.0,0.0,81.905263,77.178947,83.1,69.111828,0.0,95.142857,36.45,89.042857,109.4,35.227027,55.925344,55.286202,125.56667,101.0,0.0,0.0,0.0,0.0,69.822222
102.00513,42.020986,0.0,0.0,0.0,123.29524,86.205746,119.44723,79.574457,102.75,62.575,130.4,89.2,112.05308,131.53333,76.962025,37.753901,63.375,57.674814,0.0,69.286435,52.159282,33.599759,92.214225,0.0,29.626966,32.473162,76.639898,111.47525,73.789114,0.0,170.5,127.8,40.633453,175.66667,55.401357,98.633212,0.0,0.0,0.0,159.46422,191.61429,143.52,0.0,165.1,263.8,170.4,189.17333,0.0,103.52267,105.58155,147.57895,131.15821,0.0,136.96555,68.891981,103.5162,146.01569,0.0,101.44344,94.384361,150.73068,189.22,160.74737,0.0,0.0,175.0,112.69315
75.198387,0.0,0.0,0.0,96.6325,66.737261,44.614729,89.827714,58.299887,35.451505,157.6463,33.900453,150.15926,99.121719,72.582381,0.0,160.25,168.35714,176.92,15.385902,173.72,98.2,178.68,25.906314,205.35,177.2,192.37333,20.231116,94.138761,119.50769,0.0,135.91852,88.585191,85.932333,159.61935,0.0,0.0,159.90476,0.0,160.152,148.00894,156.225,79.568757,163.73293,219.25882,163.72283,244.31429,174.1625,127.0,0.0,0.0,235.42857,223.35,160.27818,0.0,176.8,175.36667,135.75591,0.0,241.075,234.3,150.08204,164.59298,148.15556,244.0,0.0,161.1,165.32
0.0,122.9,0.0,96.6325,0.0,14.006642,103.6125,31.5856,43.159839,110.50588,64.14386,45.66286,63.948837,125.62857,16.646355,0.0,157.6,79.739394,79.157895,96.3,0.0,90.31875,0.0,70.571971,71.6,89.62,120.41,101.69928,17.887161,110.9,0.0,10.813523,125.6,13.44843,0.0,0.0,0.0,164.4,0.0,0.0,0.0,0.0,0.0,0.0,0.0,0.0,0.0,0.0,0.0,0.0,0.0,122.6,0.0,0.0,0.0,0.0,0.0,0.0,0.0,0.0,156.6,0.0,0.0,0.0,0.0,0.0,0.0,0.0
72.38794,121.55,123.29524,66.737261,14.006642,0.0,46.794671,27.296102,73.946505,32.242569,98.525975,30.229954,86.541154,59.285333,15.258578,0.0,132.03004,109.76329,109.26879,50.841998,109.2384,101.4,116.34778,68.167461,117.04706,120.03649,126.12553,59.030082,48.680601,97.07541,124.71429,27.082844,92.130986,45.50408,159.4,0.0,218.0,145.51795,0.0,0.0,156.44949,0.0,90.452571,165.11591,215.56,160.8,157.84444,195.8,0.0,0.0,0.0,172.0,155.4,162.28852,176.6,0.0,194.3,139.925,112.2,207.6,159.26,151.98417,175.35,154.0,0.0,0.0,0.0,179.86667
33.222781,120.74667,86.205746,44.614729,103.6125,46.794671,0.0,53.707852,50.470239,22.677628,136.96492,77.687332,129.39638,43.259845,79.69139,103.95,91.107213,151.33118,120.52794,60.072542,69.2908,98.739759,72.86049,48.015844,152.45714,114.39707,114.13039,31.423362,69.719736,29.328994,175.5,112.1332,69.323138,68.792149,136.15765,141.9,160.81681,145.80229,0.0,144.10476,131.31461,152.34667,71.613736,150.75689,199.46667,151.51053,198.83333,158.60909,155.0,118.0,164.46364,212.16,201.13333,148.53252,125.84035,113.46154,157.99487,118.94927,0.0,194.5,159.57862,127.58408,146.04024,128.77305,0.0,0.0,134.36471,144.93194
49.403995,120.02353,119.44723,89.827714,31.5856,27.296102,53.707852,0.0,80.363227,54.636742,69.752506,78.195817,71.218021,20.351137,40.186069,122.0,117.48212,86.402367,111.95269,89.177812,95.883431,109.3,105.01889,74.889969,84.272727,117.18513,128.45423,71.389591,27.344281,70.92322,105.6,29.161378,71.456471,27.489753,155.4,157.45,199.58462,163.73103,0.0,176.95,157.23951,196.5,97.9375,176.54937,206.51429,196.56667,166.9,227.6,0.0,0.0,202.64,132.075,183.3,174.76889,161.36667,137.7,195.75,146.41311,91.36,178.36154,184.408,154.4756,175.6,156.48286,137.2,0.0,169.4,167.20952
65.189431,42.141404,79.574457,58.299887,43.159839,73.946505,50.470239,80.363227,0.0,67.658741,139.07172,22.642615,103.42833,84.602757,23.78585,41.794485,94.35259,144.83636,107.00672,58.761905,53.025948,22.669988,56.437531,27.684794,86.3875,86.233436,75.225289,47.416051,69.008454,52.158349,108.52,123.48889,62.910301,70.566685,80.866087,42.8,103.93684,85.011742,0.0,83.142857,74.533952,96.74,12.229255,89.605499,145.75484,81.696203,162.8,93.963636,60.45,55.385167,100.13333,166.14,127.06667,87.867674,62.536863,13.763737,64.149653,58.708565,151.6,151.13333,83.636975,67.429,75.336518,63.191086,0.0,140.93333,68.305,78.722563
61.764586,169.86667,102.75,35.451505,110.50588,32.242569,22.677628,54.636742,67.658741,0.0,140.59078,21.563322,135.24308,87.60945,85.820354,90.8,143.50612,156.84211,155.74588,21.047108,105.07826,94.2,109.11364,49.674087,155.03636,164.08366,169.15648,31.803094,92.459158,105.22182,177.13333,116.33707,90.367429,85.123179,162.31136,207.8,248.2,164.34578,0.0,159.70448,150.95048,156.8,87.453936,168.41554,221.81951,167.89298,225.44,182.04444,139.6,157.2,0.0,235.31429,237.52,165.31407,162.96667,0.0,184.3,139.8189,0.0,240.27143,217.74815,152.40712,170.99459,148.7449,234.4,0.0,164.25,169.26128
104.40571,40.08702,62.575,157.6463,64.14386,98.525975,136.96492,69.752506,139.07172,140.59078,0.0,127.40544,23.979331,72.691206,74.731689,0.0,76.471724,23.674867,21.240471,140.5376,134.7,84.5625,138.84,143.28693,24.603172,27.374202,43.976664,148.10007,54.728087,124.53438,39.939817,67.346389,166.2,25.977546,0.0,52.912121,111.9,175.73333,0.0,164.2,216.13333,141.1,147.92,225.68,80.493953,173.5,75.8397,158.68,0.0,0.0,107.0,86.251469,87.019415,213.35,0.0,82.3,121.9,200.15676,49.683669,86.71324,83.517248,207.27097,203.2,193.4,92.756627,0.0,0.0,113.65926
62.448235,119.77143,130.4,33.900453,45.66286,30.229954,77.687332,78.195817,22.642615,21.563322,127.40544,0.0,120.19849,85.538421,19.927581,0.0,170.76364,142.78443,142.20708,17.909256,169.0,53.408108,159.775,25.1067,138.87647,149.84689,155.37011,32.790462,84.925968,121.81,158.26316,99.550567,89.313043,78.325905,160.16364,0.0,0.0,90.740382,0.0,109.31667,146.83682,150.53333,80.460039,164.11791,210.77857,88.615625,192.79,152.0,0.0,0.0,0.0,199.10769,228.24,153.42982,0.0,0.0,161.6,134.81684,144.16667,198.08235,200.82857,148.02152,158.45556,147.72,180.6,0.0,173.6,166.28824
114.008,34.871801,89.2,150.15926,63.948837,86.541154,129.39638,71.218021,103.42833,135.24308,23.979331,120.19849,0.0,77.412104,59.524183,107.2875,135.74595,31.09866,40.238961,133.38733,133.94667,68.637524,119.75,139.10221,20.182032,17.164658,14.888521,141.31049,59.206754,128.32222,16.330793,74.183012,0.0,39.792291,146.6,53.252308,103.8475,0.0,0.0,168.8,187.28235,151.93333,187.13333,213.14286,79.076255,183.16667,77.012225,149.82857,135.4,113.81818,106.18947,86.651401,86.27463,200.44,102.77778,51.623322,107.47027,190.07273,40.4384,84.142193,83.121408,197.46667,115.8,145.675,91.8723,0.0,0.0,32.340667
24.698995,134.9,112.05308,99.121719,125.62857,59.285333,43.259845,20.351137,84.602757,87.60945,72.691206,85.538421,77.412104,0.0,38.042798,117.86667,107.00195,88.623341,116.08129,96.939259,86.269696,84.294054,96.784598,79.676573,90.427586,123.80857,134.05177,80.845805,21.535858,57.931619,107.075,18.516543,47.566052,40.033138,166.03333,167.2,189.02222,178.53,0.0,0.0,165.2,196.9,110.2425,181.24,180.7,182.65,131.04,204.8,0.0,188.46667,204.4,139.92,216.2,181.09286,143.105,97.391667,176.27143,149.33488,97.64,185.06122,185.64237,155.66569,171.07692,150.63043,0.0,228.8,171.45,173.0
92.345455,100.20755,131.53333,72.582381,16.646355,15.258578,79.69139,40.186069,23.78585,85.820354,74.731689,19.927581,59.524183,38.042798,0.0,95.0,145.23,87.75,116.27826,54.396226,121.9,68.738441,140.5,45.64677,77.35,102.43404,119.29961,74.838613,40.611464,81.814286,133.33333,45.121154,103.74902,35.468062,135.2,0.0,156.0,97.7,0.0,0.0,131.28,0.0,47.897059,132.94118,0.0,124.6,0.0,0.0,96.2,0.0,0.0,136.4,0.0,139.2,130.4,0.0,0.0,117.91053,0.0,0.0,131.2,130.63656,0.0,134.63636,0.0,0.0,0.0,0.0
99.4,57.799606,76.962025,0.0,0.0,0.0,103.95,122.0,41.794485,90.8,0.0,0.0,107.2875,117.86667,95.0,0.0,90.146903,107.4,113.26857,0.0,26.502499,25.449611,20.535909,22.672605,79.366667,101.78065,18.798556,26.890637,65.325,64.551875,0.0,0.0,67.32,72.554872,119.0,0.0,112.55102,0.0,0.0,0.0,145.07568,183.0,65.014286,0.0,152.0,0.0,0.0,160.52,0.0,102.56367,130.09048,168.0,147.64706,0.0,110.12123,54.582583,106.68496,111.71879,0.0,173.93333,105.57952,110.81177,124.48529,109.13345,0.0,0.0,109.56471,111.5125
93.435468,53.061941,37.753901,160.25,157.6,132.03004,91.107213,117.48212,94.35259,143.50612,76.471724,170.76364,135.74595,107.00195,145.23,90.146903,0.0,44.717791,15.538298,201.91111,44.198848,70.563672,23.265379,107.92653,64.8,31.466724,58.604217,84.85969,78.084856,68.130272,78.6,169.928,86.26875,24.461964,189.86667,64.896226,105.5659,0.0,0.0,252.2,178.64444,0.0,132.46667,0.0,108.2,0.0,0.0,214.12,0.0,132.424,112.70761,133.3,111.82282,0.0,157.13861,78.713185,118.42767,155.01176,168.0,99.500413,102.42147,162.82143,177.48,162.07857,0.0,0.0,0.0,113.42424
122.075,54.221106,63.375,168.35714,79.739394,109.76329,151.33118,86.402367,144.83636,156.84211,23.674867,142.78443,31.09866,88.623341,87.75,107.4,44.717791,0.0,13.681577,156.16783,106.1,89.0,83.7,154.61228,36.751272,29.050812,41.57266,160.92371,76.367159,114.616,42.025308,83.413043,92.2,49.112123,0.0,63.933333,112.05,0.0,0.0,181.46667,218.52,137.0,198.6,224.8,87.588764,203.1,80.749,162.4,0.0,153.1,113.65,95.740824,98.447907,213.0,0.0,88.0,164.4,213.56364,71.955993,96.491282,90.269266,226.0,176.1,193.08571,103.36667,0.0,0.0,115.85
108.4036,52.26522,57.674814,176.92,79.157895,109.26879,120.52794,111.95269,107.00672,155.74588,21.240471,142.20708,40.238961,116.08129,116.27826,113.26857,15.538298,13.681577,0.0,154.46866,93.31082,77.555846,68.091336,127.02443,45.149412,36.916182,51.880019,125.31105,89.870138,86.767393,49.616509,85.96701,93.338462,38.592978,187.6,62.251361,109.97066,0.0,0.0,246.0,200.83077,229.2,0.0,239.6,92.575,194.4,81.303614,204.6,0.0,129.3,108.35899,99.618229,101.97032,224.6,170.08,80.566245,131.86364,214.0,75.849032,95.01767,95.390479,199.0,0.0,170.88571,106.33333,0.0,0.0,114.58298
71.446724,170.2,0.0,15.385902,96.3,50.841998,60.072542,89.177812,58.761905,21.047108,140.5376,17.909256,133.38733,96.939259,54.396226,0.0,201.91111,156.16783,154.46866,0.0,154.6,0.0,211.13333,28.710158,152.6,163.98231,170.11132,20.257615,94.693624,130.35385,173.75556,118.1731,91.694702,88.046829,160.17778,0.0,204.0,157.29655,0.0,156.80455,147.27154,157.55294,79.712957,162.50336,219.25882,159.93596,243.73333,177.73333,125.51429,0.0,0.0,218.75556,238.4,160.74844,171.88,0.0,179.0,133.98554,0.0,237.91111,227.29412,149.54227,163.93684,147.88571,0.0,0.0,155.95,163.74959
69.303922,77.796471,69.286435,173.72,0.0,109.2384,69.2908,95.883431,53.025948,105.07826,134.7,169.0,133.94667,86.269696,121.9,26.502499,44.198848,106.1,93.31082,154.6,0.0,46.577824,33.436387,24.587149,0.0,87.89253,67.960061,32.355196,63.667524,26.334572,149.4,147.0,61.618356,31.082725,137.62564,103.46667,139.33942,0.0,0.0,134.6,144.61905,175.86667,72.3528,183.8,0.0,0.0,0.0,148.50833,0.0,111.99439,153.72558,0.0,180.25714,0.0,118.15064,66.266324,116.35457,116.71073,0.0,176.7,133.53729,117.75489,130.89846,118.82047,0.0,0.0,121.70256,124.26905
65.903268,20.137152,52.159282,98.2,90.31875,101.4,98.739759,109.3,22.669988,94.2,84.5625,53.408108,68.637524,84.294054,68.738441,25.449611,70.563672,89.0,77.555846,0.0,46.577824,0.0,48.730861,31.542392,54.321397,64.958486,45.011488,44.778285,55.704876,47.835734,83.448,117.4,59.498462,70.225058,102.8,38.4,90.588525,0.0,0.0,0.0,128.06667,0.0,20.4,0.0,0.0,0.0,0.0,0.0,0.0,72.946327,96.907692,0.0,144.6,0.0,89.116586,26.063222,85.503925,87.379592,0.0,117.62,79.78221,94.935938,119.2,86.696774,0.0,0.0,0.0,173.0
83.165834,75.141606,33.599759,178.68,0.0,116.34778,72.86049,105.01889,56.437531,109.11364,138.84,159.775,119.75,96.784598,140.5,20.535909,23.265379,83.7,68.091336,211.13333,33.436387,48.730861,0.0,74.838613,102.2,54.818256,46.923968,47.813079,70.752008,48.596075,0.0,156.0,76.609333,29.825005,171.86667,85.188235,108.17422,0.0,0.0,0.0,161.91566,201.3,86.552,0.0,151.71429,0.0,0.0,196.3,0.0,107.37515,121.36245,170.73333,154.70154,0.0,118.24971,64.784117,116.24139,120.1043,0.0,154.34242,107.7684,130.6933,138.25306,121.35114,0.0,0.0,127.9,123.63077
63.215849,62.703936,92.214225,25.906314,70.571971,68.167461,48.015844,74.889969,27.684794,49.674087,143.28693,25.1067,139.10221,79.676573,45.64677,22.672605,107.92653,154.61228,127.02443,28.710158,24.587149,31.542392,74.838613,0.0,117.08182,115.1372,74.282244,25.189155,71.739959,57.475501,151.32,125.03158,69.265644,70.93487,127.19024,192.6,146.52121,130.16016,0.0,120.822,118.12798,139.94074,54.444035,134.15354,189.38788,137.19528,213.296,145.82545,126.8,107.01642,160.62105,207.62692,192.32308,130.48673,111.58811,60.735744,115.34514,109.49667,183.9,209.88182,146.40108,112.78203,130.94581,115.09207,211.4,0.0,122.62264,126.85401
0.0,20.378018,0.0,205.35,71.6,117.04706,152.45714,84.272727,86.3875,155.03636,24.603172,138.87647,20.182032,90.427586,77.35,79.366667,64.8,36.751272,45.149412,152.6,0.0,54.321397,102.2,117.08182,0.0,38.794942,35.161488,134.95,68.04,116.9,42.262887,74.6,0.0,45.205697,150.4,27.365325,84.742857,0.0,0.0,130.0,173.2,143.9,0.0,173.2,62.918405,159.72,65.777178,129.92,109.8,94.885714,68.775,73.056324,65.561386,170.6,86.690909,51.089655,99.931579,123.8,22.764024,65.3758,59.980458,151.53333,108.4,136.4,81.717073,0.0,0.0,73.564706
125.53309,45.669332,29.626966,177.2,89.62,120.03649,114.39707,117.18513,86.233436,164.08366,27.374202,149.84689,17.164658,123.80857,102.43404,101.78065,31.466724,29.050812,36.916182,163.98231,87.89253,64.958486,54.818256,115.1372,38.794942,0.0,34.457037,108.61351,97.257854,103.194,18.527127,90.827941,147.65,49.873822,183.72,56.145478,97.825518,224.13333,0.0,198.7,185.81728,204.2,172.65,225.4,89.647414,209.6,81.475472,194.66061,0.0,121.69492,102.02575,96.350661,98.756837,216.54,150.91515,77.388661,119.98897,176.04286,70.189423,92.524632,90.286709,180.11429,191.75789,170.15333,105.70588,0.0,0.0,114.76749
132.1782,32.940584,32.473162,192.37333,120.41,126.12553,114.13039,128.45423,75.225289,169.15648,43.976664,155.37011,14.888521,134.05177,119.29961,18.798556,58.604217,41.57266,51.880019,170.11132,67.960061,45.011488,46.923968,74.282244,35.161488,34.457037,0.0,69.284448,110.46388,109.70559,24.673663,100.99487,121.31429,56.437102,192.06667,50.763384,96.25758,0.0,0.0,184.57143,161.15922,190.92,128.84615,226.05455,94.410219,196.85714,86.662212,182.06875,198.0,95.536496,106.596,97.142036,100.8895,205.32,121.94643,55.206068,107.44245,127.53273,69.517363,91.532837,93.025454,136.90391,173.55556,164.6,107.03333,231.0,0.0,107.8792
62.682533,78.850843,76.639898,20.231116,101.69928,59.030082,31.423362,71.389591,47.416051,31.803094,148.10007,32.790462,141.31049,80.845805,74.838613,26.890637,84.85969,160.92371,125.31105,20.257615,32.355196,44.778285,47.813079,25.189155,134.95,108.61351,69.284448,0.0,74.412017,39.187714,174.4,125.31655,65.261775,63.714673,130.61431,160.96,150.49854,155.55025,0.0,142.00714,131.8038,154.30217,72.152756,158.46453,199.06582,156.10055,220.075,146.68509,129.1,105.49456,161.03276,215.31667,192.8186,156.74127,117.20311,67.48416,131.29346,113.19114,153.0,209.91915,150.61655,119.39016,133.26702,119.51818,0.0,178.0,123.27312,133.17452
23.206051,105.6597,111.47525,94.138761,17.887161,48.680601,69.719736,27.344281,69.008454,92.459158,54.728087,84.925968,59.206754,21.535858,40.611464,65.325,78.084856,76.367159,89.870138,94.693624,63.667524,55.704876,70.752008,71.739959,68.04,97.257854,110.46388,74.412017,0.0,32.901911,88.838095,17.996561,14.522595,29.699325,155.09286,126.55,167.96296,171.61333,0.0,149.05714,155.92593,186.1,91.212267,177.68311,157.7,177.18182,122.4875,178.6,0.0,118.95758,179.375,118.6,191.6,176.97108,122.72205,73.927811,148.83704,140.49267,74.4,166.11923,166.52795,145.42944,161.97647,140.46581,0.0,0.0,156.95556,156.29231
35.721662,86.667925,73.789114,119.50769,110.9,97.07541,29.328994,70.92322,52.158349,105.22182,124.53438,121.81,128.32222,57.931619,81.814286,64.551875,68.130272,114.616,86.767393,130.35385,26.334572,47.835734,48.596075,57.475501,116.9,103.194,109.70559,39.187714,32.901911,0.0,0.0,109.23889,38.303834,24.590287,134.85357,114.53333,153.14074,152.2,0.0,174.0,130.18811,162.31429,66.631378,160.675,220.6,133.8,0.0,142.84516,0.0,107.79404,161.25714,0.0,183.23333,152.4,117.71111,68.352021,123.04178,113.24706,0.0,170.81429,151.48621,116.85129,130.80515,118.96744,0.0,0.0,122.81274,128.33289
0.0,54.568902,0.0,0.0,0.0,124.71429,175.5,105.6,108.52,177.13333,39.939817,158.26316,16.330793,107.075,133.33333,0.0,78.6,42.025308,49.616509,173.75556,149.4,83.448,0.0,151.32,42.262887,18.527127,24.673663,174.4,88.838095,0.0,0.0,103.6,0.0,68.018994,170.6,73.64,0.0,0.0,0.0,0.0,0.0,0.0,0.0,0.0,92.26,0.0,87.701064,0.0,0.0,123.1,0.0,102.25381,102.83273,207.0,0.0,87.8,0.0,0.0,73.80479,102.20427,93.572942,235.8,0.0,0.0,119.7,0.0,0.0,121.93333
83.696552,0.0,170.5,135.91852,10.813523,27.082844,112.1332,29.161378,123.48889,116.33707,67.346389,99.550567,74.183012,18.516543,45.121154,0.0,169.928,83.413043,85.96701,118.1731,147.0,117.4,156.0,125.03158,74.6,90.827941,100.99487,125.31655,17.996561,109.23889,103.6,0.0,72.527273,16.212248,0.0,0.0,0.0,0.0,0.0,0.0,209.66667,0.0,126.2,217.6,0.0,0.0,127.08,0.0,0.0,0.0,0.0,119.4,0.0,0.0,0.0,0.0,0.0,199.4,86.0,131.8,130.9,188.46667,0.0,0.0,0.0,0.0,0.0,0.0
55.494611,0.0,127.8,88.585191,125.6,92.130986,69.323138,71.456471,62.910301,90.367429,166.2,89.313043,0.0,47.566052,103.74902,67.32,86.26875,92.2,93.338462,91.694702,61.618356,59.498462,76.609333,69.265644,0.0,147.65,121.31429,65.261775,14.522595,38.303834,0.0,72.527273,0.0,17.636761,151.2,0.0,0.0,167.34286,0.0,152.7,149.97526,0.0,87.352941,171.95385,0.0,156.0,258.6,189.8,0.0,117.7,0.0,0.0,0.0,168.62222,122.384,69.457143,138.04,133.88722,0.0,0.0,217.06667,141.88178,163.04444,141.37544,0.0,0.0,137.0,0.0
47.136951,61.556286,40.633453,85.932333,13.44843,45.50408,68.792149,27.489753,70.566685,85.123179,25.977546,78.325905,39.792291,40.033138,35.468062,72.554872,24.461964,49.112123,38.592978,88.046829,31.082725,70.225058,29.825005,70.93487,45.205697,49.873822,56.437102,63.714673,29.699325,24.590287,68.018994,16.212248,17.636761,0.0,151.65455,68.010256,98.252632,165.61266,0.0,153.8,151.66818,0.0,86.2375,170.94688,120.91579,168.67273,83.611864,179.46667,0.0,111.23077,105.65,92.303704,108.43951,170.88989,137.0913,75.817857,119.06606,135.56972,51.754717,96.79775,93.831007,146.21597,161.93077,143.77821,98.3,0.0,158.2,170.0
156.0,137.6,175.66667,159.61935,0.0,159.4,136.15765,155.4,80.866087,162.31136,0.0,160.16364,146.6,166.03333,135.2,119.0,189.86667,0.0,187.6,160.17778,137.62564,102.8,171.86667,127.19024,150.4,183.72,192.06667,130.61431,155.09286,134.85357,170.6,0.0,151.2,151.65455,0.0,128.8,107.65946,77.420787,135.8,51.718403,34.530975,40.65492,55.511462,62.976158,90.853094,59.821937,114.14702,20.761517,97.83038,114.1,90.848639,114.36789,100.23276,72.406714,64.65378,65.825455,80.560438,64.126069,102.17736,116.43978,121.95719,70.834298,18.422905,26.361185,118.9,73.211321,23.910942,52.216631
151.0,17.807058,55.401357,0.0,0.0,0.0,141.9,157.45,42.8,207.8,52.912121,0.0,53.252308,167.2,0.0,0.0,64.896226,63.933333,62.251361,0.0,103.46667,38.4,85.188235,192.6,27.365325,56.145478,50.763384,160.96,126.55,114.53333,73.64,0.0,0.0,68.010256,128.8,0.0,39.663309,0.0,126.1,133.71111,122.87619,148.8125,60.243357,166.48571,30.478571,108.2,26.335071,135.84667,105.84474,49.309013,54.150186,49.409868,54.744283,170.75,81.348649,22.354135,66.044635,66.386542,19.337426,41.504065,24.903294,89.562722,101.75676,112.81,61.085714,0.0,98.8,64.14608
179.775,66.404938,98.633212,0.0,0.0,218.0,160.81681,199.58462,103.93684,248.2,111.9,0.0,103.8475,189.02222,156.0,112.55102,105.5659,112.05,109.97066,204.0,139.33942,90.588525,108.17422,146.52121,84.742857,97.825518,96.25758,150.49854,167.96296,153.14074,0.0,0.0,0.0,98.252632,107.65946,39.663309,0.0,0.0,155.8,143.62857,94.240527,128.40622,92.098039,133.35,166.4,137.4,113.6,119.02049,133.28571,68.964848,33.841189,119.56364,45.255188,0.0,64.479988,42.79392,34.505683,86.235603,84.3,27.188893,32.740392,81.905552,130.58636,92.79171,0.0,0.0,109.1,59.155205
0.0,0.0,0.0,159.90476,164.4,145.51795,145.80229,163.73103,85.011742,164.34578,175.73333,90.740382,0.0,178.53,97.7,0.0,0.0,0.0,0.0,157.29655,0.0,0.0,0.0,130.16016,0.0,224.13333,0.0,155.55025,171.61333,152.2,0.0,0.0,167.34286,165.61266,77.420787,0.0,0.0,0.0,93.6,60.765795,59.875024,85.637713,66.462155,18.902892,143.20201,34.586227,167.98485,90.878371,60.160643,0.0,152.68571,161.01419,153.17931,14.207577,122.76,78.4,134.55556,20.35416,156.62857,167.47294,170.77209,16.742398,92.462414,83.299099,176.48,118.06316,84.374074,85.197682
0.0,0.0,0.0,0.0,0.0,0.0,0.0,0.0,0.0,0.0,0.0,0.0,0.0,0.0,0.0,0.0,0.0,0.0,0.0,0.0,0.0,0.0,0.0,0.0,0.0,0.0,0.0,0.0,0.0,0.0,0.0,0.0,0.0,0.0,135.8,126.1,155.8,93.6,0.0,14.239733,100.88,13.104708,44.807251,100.5,61.632,39.761386,82.314286,22.866667,13.510749,0.0,170.4,77.0,0.0,91.25,0.0,95.816667,148.0,69.503448,0.0,87.32,145.9375,102.34545,19.343273,116.9,0.0,11.151899,0.0,15.905795
0.0,0.0,0.0,160.152,0.0,0.0,144.10476,176.95,83.142857,159.70448,164.2,109.31667,168.8,0.0,0.0,0.0,252.2,181.46667,246.0,156.80455,134.6,0.0,0.0,120.822,130.0,198.7,184.57143,142.00714,149.05714,174.0,0.0,0.0,152.7,153.8,51.718403,133.71111,143.62857,60.765795,14.239733,0.0,57.422417,27.5489,63.906825,37.041386,91.959135,36.666044,115.70281,43.551916,21.80714,0.0,132.19136,119.08925,111.93863,42.780893,114.34545,111.30909,124.66454,60.293735,109.37413,119.94585,124.97519,59.351548,52.964831,83.961872,127.88632,14.701108,75.018182,50.92761
149.46667,137.33333,159.46422,148.00894,0.0,156.44949,131.31461,157.23951,74.533952,150.95048,216.13333,146.83682,187.28235,165.2,131.28,145.07568,178.64444,218.52,200.83077,147.27154,144.61905,128.06667,161.91566,118.12798,173.2,185.81728,161.15922,131.8038,155.92593,130.18811,0.0,209.66667,149.97526,151.66818,34.530975,122.87619,94.240527,59.875024,100.88,57.422417,0.0,55.275699,53.444406,25.531764,127.89804,95.003623,152.09738,42.186782,81.099093,83.725,88.39754,141.12729,113.29791,69.999649,66.644225,75.864491,77.270131,41.88922,146.44204,132.92267,126.76566,31.78383,68.97135,34.528551,162.13455,109.11257,65.080779,69.200527
0.0,0.0,191.61429,156.225,0.0,0.0,152.34667,196.5,96.74,156.8,141.1,150.53333,151.93333,196.9,0.0,183.0,0.0,137.0,229.2,157.55294,175.86667,0.0,201.3,139.94074,143.9,204.2,190.92,154.30217,186.1,162.31429,0.0,0.0,0.0,0.0,40.65492,148.8125,128.40622,85.637713,13.104708,27.5489,55.275699,0.0,79.575229,55.162271,68.5862,75.694208,92.547111,24.185283,26.663069,134.0,118.27551,94.955607,109.723,82.169343,92.767274,119.49778,106.67584,72.806157,93.534266,106.89927,115.97968,68.38073,27.458819,67.484825,106.0098,22.460946,63.19726,28.85234
84.185714,0.0,143.52,79.568757,0.0,90.452571,71.613736,97.9375,12.229255,87.453936,147.92,80.460039,187.13333,110.2425,47.897059,65.014286,132.46667,198.6,0.0,79.712957,72.3528,20.4,86.552,54.444035,0.0,172.65,128.84615,72.152756,91.212267,66.631378,0.0,126.2,87.352941,86.2375,55.511462,60.243357,92.098039,66.462155,44.807251,63.906825,53.444406,79.575229,0.0,73.192882,124.07218,26.085996,120.14286,73.721739,24.665128,24.630185,104.11517,132.64848,111.51824,68.459919,50.971996,27.527519,84.609091,29.680131,89.10297,98.006682,76.847113,53.173943,60.875288,51.046176,157.4,100.46667,53.033193,59.086086
168.66667,0.0,0.0,163.73293,0.0,165.11591,150.75689,176.54937,89.605499,168.41554,225.68,164.11791,213.14286,181.24,132.94118,0.0,0.0,224.8,239.6,162.50336,183.8,0.0,0.0,134.15354,173.2,225.4,226.05455,158.46453,177.68311,160.675,0.0,217.6,171.95385,170.94688,62.976158,166.48571,133.35,18.902892,100.5,37.041386,25.531764,55.162271,73.192882,0.0,132.60489,19.650547,156.18942,82.297412,73.899077,219.4,155.22128,151.73959,143.8995,18.957119,97.866667,112.08,130.97576,48.554191,145.37016,156.81358,160.31574,32.931229,84.031896,85.458095,167.52409,110.92987,79.054156,83.941745
0.0,79.25,165.1,219.25882,0.0,215.56,199.46667,206.51429,145.75484,221.81951,80.493953,210.77857,79.076255,180.7,0.0,152.0,108.2,87.588764,92.575,219.25882,0.0,0.0,151.71429,189.38788,62.918405,89.647414,94.410219,199.06582,157.7,220.6,92.26,0.0,0.0,120.91579,90.853094,30.478571,166.4,143.20201,61.632,91.959135,127.89804,68.5862,124.07218,132.60489,10.8,121.26143,17.247867,69.645251,66.747129,112.2,45.658252,19.972672,19.530114,130.83167,87.49083,69.017284,82.091972,128.28501,31.123175,19.064251,36.530366,138.22891,56.709507,101.76453,22.333603,55.288916,85.077419,20.84127
0.0,158.4,263.8,163.72283,0.0,160.8,151.51053,196.56667,81.696203,167.89298,173.5,88.615625,183.16667,182.65,124.6,0.0,0.0,203.1,194.4,159.93596,0.0,0.0,0.0,137.19528,159.72,209.6,196.85714,156.10055,177.18182,133.8,0.0,0.0,156.0,168.67273,59.821937,108.2,137.4,34.586227,39.761386,36.666044,95.003623,75.694208,26.085996,19.650547,121.26143,24.8,145.20997,84.736252,16.999584,0.0,159.568,141.34892,134.92306,18.914814,110.175,61.549315,152.6,18.032805,138.14249,147.7529,150.55192,47.134515,81.672663,114.31692,156.24291,89.570985,77.306122,83.949506
0.0,71.047619,170.4,244.31429,0.0,157.84444,198.83333,166.9,162.8,225.44,75.8397,192.79,77.012225,131.04,0.0,0.0,0.0,80.749,81.303614,243.73333,0.0,0.0,0.0,213.296,65.777178,81.475472,86.662212,220.075,122.4875,0.0,87.701064,127.08,258.6,83.611864,114.14702,26.335071,113.6,167.98485,82.314286,115.70281,152.09738,92.547111,120.14286,156.18942,17.247867,145.20997,0.0,94.023504,90.127039,100.8,121.48667,37.752689,49.217339,154.68665,139.0,63.103754,165.17368,150.05714,23.108382,20.854028,20.827805,162.50383,80.513243,144.91964,12.052316,79.928328,101.4,42.905182
0.0,0.0,189.17333,174.1625,0.0,195.8,158.60909,227.6,93.963636,182.04444,158.68,152.0,149.82857,204.8,0.0,160.52,214.12,162.4,204.6,177.73333,148.50833,0.0,196.3,145.82545,129.92,194.66061,182.06875,146.68509,178.6,142.84516,0.0,0.0,189.8,179.46667,20.761517,135.84667,119.02049,90.878371,22.866667,43.551916,42.186782,24.185283,73.721739,82.297412,69.645251,84.736252,94.023504,0.0,38.485084,137.0,105.94933,94.433643,95.133096,89.830092,81.643714,79.836036,96.938535,77.116414,91.825676,104.2954,110.70426,77.175902,20.723206,55.461843,107.96324,39.134459,36.764584,33.241845
0.0,0.0,0.0,127.0,0.0,0.0,155.0,0.0,60.45,139.6,0.0,0.0,135.4,0.0,96.2,0.0,0.0,0.0,0.0,125.51429,0.0,0.0,0.0,126.8,109.8,0.0,198.0,129.1,0.0,0.0,0.0,0.0,0.0,0.0,97.83038,105.84474,133.28571,60.160643,13.510749,21.80714,81.099093,26.663069,24.665128,73.899077,66.747129,16.999584,90.127039,38.485084,0.0,80.494118,150.35556,90.934842,90.972115,48.298134,104.31282,75.36234,117.26966,40.994962,89.282927,97.36262,112.78979,78.636179,36.470607,87.347718,102.9,33.699154,98.731579,37.91927
128.4,81.905263,103.52267,0.0,0.0,0.0,118.0,0.0,55.385167,157.2,0.0,0.0,113.81818,188.46667,0.0,102.56367,132.424,153.1,129.3,0.0,111.99439,72.946327,107.37515,107.01642,94.885714,121.69492,95.536496,105.49456,118.95758,107.79404,123.1,0.0,117.7,111.23077,114.1,49.309013,68.964848,0.0,0.0,0.0,83.725,134.0,24.630185,219.4,112.2,0.0,100.8,137.0,80.494118,0.0,94.275274,124.2,104.96166,193.2,20.766021,27.280341,17.218224,19.46651,99.15,90.474374,35.827619,23.799564,71.568831,68.679179,0.0,0.0,59.289655,72.265563
187.44,77.178947,105.58155,0.0,0.0,0.0,164.46364,202.64,100.13333,0.0,107.0,0.0,106.18947,204.4,0.0,130.09048,112.70761,113.65,108.35899,0.0,153.72558,96.907692,121.36245,160.62105,68.775,102.02575,106.596,161.03276,179.375,161.25714,0.0,0.0,0.0,105.65,90.848639,54.150186,33.841189,152.68571,170.4,132.19136,88.39754,118.27551,104.11517,155.22128,45.658252,159.568,121.48667,105.94933,150.35556,94.275274,0.0,55.122914,15.969742,153.81429,42.858309,70.756875,19.317461,110.37861,139.26667,33.53285,56.57239,84.334662,101.16424,65.705846,110.65,158.76,97.245902,31.036361
0.0,83.1,147.57895,235.42857,122.6,172.0,212.16,132.075,166.14,235.31429,86.251469,199.10769,86.651401,139.92,136.4,168.0,133.3,95.740824,99.618229,218.75556,0.0,0.0,170.73333,207.62692,73.056324,96.350661,97.142036,215.31667,118.6,0.0,102.25381,119.4,0.0,92.303704,114.36789,49.409868,119.56364,161.01419,77.0,119.08925,141.12729,94.955607,132.64848,151.73959,19.972672,141.34892,37.752689,94.433643,90.934842,124.2,55.122914,0.0,21.512201,151.91845,94.322549,83.307087,75.673177,146.97639,39.60306,27.382715,46.020588,152.39558,78.55085,113.33934,44.644687,81.064463,107.82222,47.98274
194.6,69.111828,131.15821,223.35,0.0,155.4,201.13333,183.3,127.06667,237.52,87.019415,228.24,86.27463,216.2,0.0,147.64706,111.82282,98.447907,101.97032,238.4,180.25714,144.6,154.70154,192.32308,65.561386,98.756837,100.8895,192.8186,191.6,183.23333,102.83273,0.0,0.0,108.43951,100.23276,54.744283,45.255188,153.17931,0.0,111.93863,113.29791,109.723,111.51824,143.8995,19.530114,134.92306,49.217339,95.133096,90.972115,104.96166,15.969742,21.512201,0.0,140.9988,68.328448,78.361308,43.945282,124.18186,47.708171,34.57555,53.480524,115.1311,79.954947,87.289509,50.668493,90.589474,116.25,37.620521
145.0,0.0,0.0,160.27818,0.0,162.28852,148.53252,174.76889,87.867674,165.31407,213.35,153.42982,200.44,181.09286,139.2,0.0,0.0,213.0,224.6,160.74844,0.0,0.0,0.0,130.48673,170.6,216.54,205.32,156.74127,176.97108,152.4,207.0,0.0,168.62222,170.88989,72.406714,170.75,0.0,14.207577,91.25,42.780893,69.999649,82.169343,68.459919,18.957119,130.83167,18.914814,154.68665,89.830092,48.298134,193.2,153.81429,151.91845,140.9988,0.0,167.2,117.93333,160.74545,24.357728,146.47625,156.63389,160.37384,27.307939,86.110973,98.895288,165.84719,107.02069,83.374564,91.178424
130.94894,95.142857,136.96555,0.0,0.0,176.6,125.84035,161.36667,62.536863,162.96667,0.0,0.0,102.77778,143.105,130.4,110.12123,157.13861,0.0,170.08,171.88,118.15064,89.116586,118.24971,111.58811,86.690909,150.91515,121.94643,117.20311,122.72205,117.71111,0.0,0.0,122.384,137.0913,64.65378,81.348649,64.479988,122.76,0.0,114.34545,66.644225,92.767274,50.971996,97.866667,87.49083,110.175,139.0,81.643714,104.31282,20.766021,42.858309,94.322549,68.328448,167.2,0.0,45.165379,36.668295,67.100188,149.3,93.4346,56.531562,41.257398,70.830388,26.07014,105.4,132.37143,64.64543,44.369023
78.4,36.45,68.891981,176.8,0.0,0.0,113.46154,137.7,13.763737,0.0,82.3,0.0,51.623322,97.391667,0.0,54.582583,78.713185,88.0,80.566245,0.0,66.266324,26.063222,64.784117,60.735744,51.089655,77.388661,55.206068,67.48416,73.927811,68.352021,87.8,0.0,69.457143,75.817857,65.825455,22.354135,42.79392,78.4,95.816667,111.30909,75.864491,119.49778,27.527519,112.08,69.017284,61.549315,63.103754,79.836036,75.36234,27.280341,70.756875,83.307087,78.361308,117.93333,45.165379,0.0,49.363855,35.345061,53.804496,64.414558,35.815269,43.951762,53.611329,45.707921,0.0,100.2,46.323777,65.912885
157.8,89.042857,103.5162,175.36667,0.0,194.3,157.99487,195.75,64.149653,184.3,121.9,161.6,107.47027,176.27143,0.0,106.68496,118.42767,164.4,131.86364,179.0,116.35457,85.503925,116.24139,115.34514,99.931579,119.98897,107.44245,131.29346,148.83704,123.04178,0.0,0.0,138.04,119.06606,80.560438,66.044635,34.505683,134.55556,148.0,124.66454,77.270131,106.67584,84.609091,130.97576,82.091972,152.6,165.17368,96.938535,117.26966,17.218224,19.317461,75.673177,43.945282,160.74545,36.668295,49.363855,0.0,77.448834,117.0069,68.905453,37.929881,59.311277,88.406852,49.474394,136.31429,158.18947,75.986207,39.173528
131.83478,109.4,146.01569,135.75591,0.0,139.925,118.94927,146.41311,58.708565,139.8189,200.15676,134.81684,190.07273,149.33488,117.91053,111.71879,155.01176,213.56364,214.0,133.98554,116.71073,87.379592,120.1043,109.49667,123.8,176.04286,127.53273,113.19114,140.49267,113.24706,0.0,199.4,133.88722,135.56972,64.126069,66.386542,86.235603,20.35416,69.503448,60.293735,41.88922,72.806157,29.680131,48.554191,128.28501,18.032805,150.05714,77.116414,40.994962,19.46651,110.37861,146.97639,124.18186,24.357728,67.100188,35.345061,77.448834,0.0,115.32,120.80717,73.738363,22.297679,68.672883,55.947354,161.33913,105.66667,63.099571,63.234474
0.0,35.227027,0.0,0.0,0.0,112.2,0.0,91.36,151.6,0.0,49.683669,144.16667,40.4384,97.64,0.0,0.0,168.0,71.955993,75.849032,0.0,0.0,0.0,0.0,183.9,22.764024,70.189423,69.517363,153.0,74.4,0.0,73.80479,86.0,0.0,51.754717,102.17736,19.337426,84.3,156.62857,0.0,109.37413,146.44204,93.534266,89.10297,145.37016,31.123175,138.14249,23.108382,91.825676,89.282927,99.15,139.26667,39.60306,47.708171,146.47625,149.3,53.804496,117.0069,115.32,0.0,42.960684,27.896122,155.02973,72.162162,138.28421,48.668515,80.866667,0.0,55.07646
186.72308,55.925344,101.44344,241.075,0.0,207.6,194.5,178.36154,151.13333,240.27143,86.71324,198.08235,84.142193,185.06122,0.0,173.93333,99.500413,96.491282,95.01767,237.91111,176.7,117.62,154.34242,209.88182,65.3758,92.524632,91.532837,209.91915,166.11923,170.81429,102.20427,131.8,0.0,96.79775,116.43978,41.504065,27.188893,167.47294,87.32,119.94585,132.92267,106.89927,98.006682,156.81358,19.064251,147.7529,20.854028,104.2954,97.36262,90.474374,33.53285,27.382715,34.57555,156.63389,93.4346,64.414558,68.905453,120.80717,42.960684,0.0,33.259408,139.13847,88.241404,114.85295,14.383098,88.472189,120.22105,55.20608
178.3871,55.286202,94.384361,234.3,156.6,159.26,159.57862,184.408,83.636975,217.74815,83.517248,200.82857,83.121408,185.64237,131.2,105.57952,102.42147,90.269266,95.390479,227.29412,133.53729,79.78221,107.7684,146.40108,59.980458,90.286709,93.025454,150.61655,166.52795,151.48621,93.572942,130.9,217.06667,93.831007,121.95719,24.903294,32.740392,170.77209,145.9375,124.97519,126.76566,115.97968,76.847113,160.31574,36.530366,150.55192,20.827805,110.70426,112.78979,35.827619,56.57239,46.020588,53.480524,160.37384,56.531562,35.815269,37.929881,73.738363,27.896122,33.259408,0.0,70.267626,97.845871,121.50398,14.791617,94.971831,110.75342,62.196259
133.7716,125.56667,150.73068,150.08204,0.0,151.98417,127.58408,154.4756,67.429,152.40712,207.27097,148.02152,197.46667,155.66569,130.63656,110.81177,162.82143,226.0,199.0,149.54227,117.75489,94.935938,130.6933,112.78203,151.53333,180.11429,136.90391,119.39016,145.42944,116.85129,235.8,188.46667,141.88178,146.21597,70.834298,89.562722,81.905552,16.742398,102.34545,59.351548,31.78383,68.38073,53.173943,32.931229,138.22891,47.134515,162.50383,77.175902,78.636179,23.799564,84.334662,152.39558,115.1311,27.307939,41.257398,43.951762,59.311277,22.297679,155.02973,139.13847,70.267626,0.0,77.518275,38.509226,171.625,119.74531,67.373963,64.986625
180.6,101.0,189.22,164.59298,0.0,175.35,146.04024,175.6,75.336518,170.99459,203.2,158.45556,115.8,171.07692,0.0,124.48529,177.48,176.1,0.0,163.93684,130.89846,119.2,138.25306,130.94581,108.4,191.75789,173.55556,133.26702,161.97647,130.80515,0.0,0.0,163.04444,161.93077,18.422905,101.75676,130.58636,92.462414,19.343273,52.964831,68.97135,27.458819,60.875288,84.031896,56.709507,81.672663,80.513243,20.723206,36.470607,71.568831,101.16424,78.55085,79.954947,86.110973,70.830388,53.611329,88.406852,68.672883,72.162162,88.241404,97.845871,77.518275,0.0,32.495987,93.313846,12.20587,15.441411,22.970558
133.97778,0.0,160.74737,148.15556,0.0,154.0,128.77305,156.48286,63.191086,148.7449,193.4,147.72,145.675,150.63043,134.63636,109.13345,162.07857,193.08571,170.88571,147.88571,118.82047,86.696774,121.35114,115.09207,136.4,170.15333,164.6,119.51818,140.46581,118.96744,0.0,0.0,141.37544,143.77821,26.361185,112.81,92.79171,83.299099,116.9,83.961872,34.528551,67.484825,51.046176,85.458095,101.76453,114.31692,144.91964,55.461843,87.347718,68.679179,65.705846,113.33934,87.289509,98.895288,26.07014,45.707921,49.474394,55.947354,138.28421,114.85295,121.50398,38.509226,32.495987,0.0,153.12308,107.58889,45.504757,37.016801
0.0,0.0,0.0,244.0,0.0,0.0,0.0,137.2,0.0,234.4,92.756627,180.6,91.8723,0.0,0.0,0.0,0.0,103.36667,106.33333,0.0,0.0,0.0,0.0,211.4,81.717073,105.70588,107.03333,0.0,0.0,0.0,119.7,0.0,0.0,98.3,118.9,61.085714,0.0,176.48,0.0,127.88632,162.13455,106.0098,157.4,167.52409,22.333603,156.24291,12.052316,107.96324,102.9,0.0,110.65,44.644687,50.668493,165.84719,105.4,0.0,136.31429,161.33913,48.668515,14.383098,14.791617,171.625,93.313846,153.12308,0.0,94.825,0.0,64.176617
0.0,0.0,0.0,0.0,0.0,0.0,0.0,0.0,140.93333,0.0,0.0,0.0,0.0,228.8,0.0,0.0,0.0,0.0,0.0,0.0,0.0,0.0,0.0,0.0,0.0,0.0,231.0,178.0,0.0,0.0,0.0,0.0,0.0,0.0,73.211321,0.0,0.0,118.06316,11.151899,14.701108,109.11257,22.460946,100.46667,110.92987,55.288916,89.570985,79.928328,39.134459,33.699154,0.0,158.76,81.064463,90.589474,107.02069,132.37143,100.2,158.18947,105.66667,80.866667,88.472189,94.971831,119.74531,12.20587,107.58889,94.825,0.0,62.3,19.876334
143.4,0.0,175.0,161.1,0.0,0.0,134.36471,169.4,68.305,164.25,0.0,173.6,0.0,171.45,0.0,109.56471,0.0,0.0,0.0,155.95,121.70256,0.0,127.9,122.62264,0.0,0.0,0.0,123.27312,156.95556,122.81274,0.0,0.0,137.0,158.2,23.910942,98.8,109.1,84.374074,0.0,75.018182,65.080779,63.19726,53.033193,79.054156,85.077419,77.306122,101.4,36.764584,98.731579,59.289655,97.245902,107.82222,116.25,83.374564,64.64543,46.323777,75.986207,63.099571,0.0,120.22105,110.75342,67.373963,15.441411,45.504757,0.0,62.3,0.0,17.491663
134.2,69.822222,112.69315,165.32,0.0,179.86667,144.93194,167.20952,78.722563,169.26128,113.65926,166.28824,32.340667,173.0,0.0,111.5125,113.42424,115.85,114.58298,163.74959,124.26905,173.0,123.63077,126.85401,73.564706,114.76749,107.8792,133.17452,156.29231,128.33289,121.93333,0.0,0.0,170.0,52.216631,64.14608,59.155205,85.197682,15.905795,50.92761,69.200527,28.85234,59.086086,83.941745,20.84127,83.949506,42.905182,33.241845,37.91927,72.265563,31.036361,47.98274,37.620521,91.178424,44.369023,65.912885,39.173528,63.234474,55.07646,55.20608,62.196259,64.986625,22.970558,37.016801,64.176617,19.876334,17.491663,0.0
